4087.8 0.974579 0.974579 4 3.89832
21169.5 0.439449 0.439449 21 9.22842
9082.07 0.81812 0.81812 9 7.36308
20059.4 0.474225 0.474225 20 9.4845
24185.9 0.344952 0.344952 24 8.27884
9017.84 0.820132 0.820132 9 7.38119
20052.9 0.474431 0.474431 20 9.48862
7989.84 0.852337 0.852337 8 6.8187
13924.6 0.666415 0.666415 14 9.32981
4950.96 0.947538 0.947538 5 4.73769
5565.63 0.928282 0.928282 5 4.64141
10030.4 0.78841 0.78841 9 7.09569
5590.09 0.927516 0.927516 5 4.63758
5627.32 0.926349 0.926349 5 4.63175
28037.3 0.224298 0.224298 25 5.60744
11276 0.749391 0.749391 10 7.49391
21782.2 0.420254 0.420254 19 7.98482
34214.1 0.0307912 0.0307912 30 0.923735
28172.7 0.220057 0.220057 25 5.50143
22930.2 0.384289 0.384289 20 7.68579
5364.49 0.934583 0.934583 5 4.67292
20646.3 0.455839 0.455839 20 9.11678
19673.5 0.486314 0.486314 19 9.23997
22191.4 0.407435 0.407435 22 8.96356
14997.9 0.63279 0.63279 15 9.49185
13017.7 0.694827 0.694827 13 9.03276
17265.7 0.561747 0.561747 15 8.4262
28431.7 0.211941 0.211941 25 5.29853
34014.1 0.0370591 0.0370591 30 1.11177
34096.4 0.0344798 0.0344798 30 1.03439
29505.7 0.178296 0.178296 26 4.63569
23801.5 0.356995 0.356995 21 7.49688
5654.45 0.925499 0.925499 5 4.6275
4647.65 0.95704 0.95704 4 3.82816
23328.8 0.371802 0.371802 20 7.43605
7066.01 0.881278 0.881278 6 5.28767
34031.3 0.0365181 0.0365181 29 1.05903
12841.5 0.700345 0.700345 11 7.7038
8697.92 0.830155 0.830155 8 6.64124
9781.77 0.7962 0.7962 9 7.1658
7972.37 0.852884 0.852884 7 5.97019
15757.1 0.609006 0.609006 15 9.1351
20759.6 0.452291 0.452291 20 9.04582
7191.68 0.877342 0.877342 7 6.14139
6118.04 0.910976 0.910976 6 5.46586
30762.3 0.138929 0.138929 30 4.16788
16147.2 0.596787 0.596787 16 9.54858
12223.6 0.719704 0.719704 12 8.63645
34463.1 0.0229918 0.0229918 34 0.781721
15040.4 0.631459 0.631459 15 9.47188
11793.4 0.733182 0.733182 10 7.33182
26883.6 0.26044 0.26044 23 5.99012
29184.9 0.188344 0.188344 25 4.7086
34732.4 0.0145544 0.0145544 30 0.436632
29884.5 0.166429 0.166429 26 4.32715
11571.7 0.740125 0.740125 10 7.40125
5889.39 0.918139 0.918139 5 4.5907
5965.42 0.915757 0.915757 5 4.57879
29350.1 0.183172 0.183172 25 4.57929
16951.8 0.571579 0.571579 15 8.57369
8256.18 0.843993 0.843993 7 5.90795
22207.6 0.406927 0.406927 20 8.13854
6625.93 0.895065 0.895065 6 5.37039
18715.3 0.516335 0.516335 16 8.26136
5537.7 0.929157 0.929157 5 4.64578
4654.93 0.956812 0.956812 4 3.82725
10770.3 0.765231 0.765231 10 7.65231
4580.96 0.959129 0.959129 4 3.83652
6414.04 0.901703 0.901703 6 5.41022
14521.4 0.64772 0.64772 14 9.06808
32683.4 0.0787455 0.0787455 31 2.44111
9466 0.806092 0.806092 9 7.25483
5167.63 0.94075 0.94075 5 4.70375
29776.7 0.169807 0.169807 29 4.9244
7076.87 0.880938 0.880938 7 6.16657
7060.95 0.881437 0.881437 7 6.17006
16443.5 0.587503 0.587503 14 8.22504
27556.1 0.239372 0.239372 23 5.50555
18240.1 0.531222 0.531222 15 7.96833
27803.9 0.231608 0.231608 23 5.32699
18863.5 0.51169 0.51169 16 8.18705
31487 0.116227 0.116227 29 3.37059
16273.9 0.592818 0.592818 14 8.29945
34711.6 0.0152087 0.0152087 30 0.456262
31449.7 0.117394 0.117394 29 3.40442
14078.1 0.661605 0.661605 13 8.60087
34157.2 0.0325766 0.0325766 32 1.04245
19654.6 0.486908 0.486908 19 9.25126
6172.64 0.909266 0.909266 6 5.45559
13416.6 0.682328 0.682328 13 8.87026
16129 0.597357 0.597357 16 9.55772
19912.8 0.478819 0.478819 16 7.6611
26156.2 0.283227 0.283227 21 5.94776
11423 0.744785 0.744785 9 6.70307
24360.4 0.339485 0.339485 20 6.78969
22949.4 0.383688 0.383688 19 7.29007
31643.8 0.111313 0.111313 26 2.89413
27148.6 0.25214 0.25214 22 5.54707
10793.8 0.764496 0.764496 9 6.88047
13235.5 0.688004 0.688004 11 7.56805
4888.51 0.949494 0.949494 4 3.79798
7578.5 0.865223 0.865223 6 5.19134
31023.8 0.130737 0.130737 25 3.26842
15926.2 0.603709 0.603709 13 7.84822
4929.1 0.948223 0.948223 4 3.79289
13168.2 0.690112 0.690112 11 7.59123
9953.65 0.790816 0.790816 8 6.32653
17827.1 0.544159 0.544159 15 8.16239
5539.53 0.9291 0.9291 5 4.6455
16514.5 0.585281 0.585281 14 8.19393
4759.59 0.953533 0.953533 4 3.81413
5555.22 0.928608 0.928608 5 4.64304
17487.3 0.554804 0.554804 15 8.32206
7633.74 0.863493 0.863493 7 6.04445
5545.97 0.928898 0.928898 5 4.64449
22284.4 0.404521 0.404521 19 7.68591
14467.8 0.649398 0.649398 13 8.44217
24908.8 0.322305 0.322305 24 7.73532
25705.5 0.297346 0.297346 25 7.43364
14593.3 0.645466 0.645466 14 9.03653
11616 0.738738 0.738738 9 6.64865
23108.6 0.378702 0.378702 18 6.81663
30667.6 0.141897 0.141897 24 3.40552
24666.3 0.329903 0.329903 19 6.26817
21780.1 0.42032 0.42032 17 7.14544
20066.1 0.474016 0.474016 16 7.58426
17616.3 0.550762 0.550762 14 7.71067
20669.5 0.455112 0.455112 16 7.28179
24729.8 0.327914 0.327914 20 6.55828
14536.7 0.647239 0.647239 12 7.76686
10015.2 0.788886 0.788886 8 6.31109
9824.79 0.794853 0.794853 8 6.35882
12584.5 0.708398 0.708398 10 7.08398
6300.13 0.905272 0.905272 5 4.52636
12615.2 0.707435 0.707435 10 7.07435
23303.6 0.372592 0.372592 18 6.70666
21217.7 0.437941 0.437941 17 7.44499
16022.9 0.60068 0.60068 13 7.80884
9784.09 0.796128 0.796128 8 6.36902
21682 0.423395 0.423395 23 9.73809
26289.4 0.279055 0.279055 28 7.81353
13220.5 0.688473 0.688473 14 9.63863
4762.3 0.953449 0.953449 5 4.76724
28917.9 0.196711 0.196711 24 4.72105
9815.09 0.795156 0.795156 10 7.95156
16480.1 0.586356 0.586356 17 9.96805
9240.41 0.81316 0.81316 10 8.1316
23086 0.37941 0.37941 25 9.48525
16598.2 0.582658 0.582658 18 10.4878
7433.17 0.869776 0.869776 8 6.95821
31005.4 0.131314 0.131314 28 3.6768
24010.8 0.350439 0.350439 20 7.00879
27458.8 0.242419 0.242419 23 5.57564
5696.73 0.924175 0.924175 6 5.54505
7305.03 0.873791 0.873791 8 6.99032
11379.5 0.746146 0.746146 10 7.46146
12657.8 0.7061 0.7061 14 9.88541
6258.34 0.906581 0.906581 7 6.34607
4309.28 0.96764 0.96764 5 4.8382
3486.14 0.993428 0.993428 4 3.97371
33805.3 0.0436003 0.0436003 30 1.30801
10069.2 0.787195 0.787195 12 9.44634
4335.2 0.966829 0.966829 5 4.83414
34981.9 0.00674071 0.00674071 32 0.215703
17273.5 0.561501 0.561501 21 11.7915
5202.62 0.939654 0.939654 5 4.69827
5392.64 0.933701 0.933701 7 6.53591
31212.5 0.124827 0.124827 41 5.11792
15323 0.622606 0.622606 20 12.4521
7438.89 0.869597 0.869597 7 6.08718
9689.2 0.7991 0.7991 9 7.1919
5262.71 0.937772 0.937772 4 3.75109
27989.3 0.225801 0.225801 21 4.74182
31830.9 0.105452 0.105452 24 2.53085
21021.3 0.444091 0.444091 16 7.10546
9032.77 0.819665 0.819665 7 5.73765
5119.02 0.942273 0.942273 4 3.76909
19069.6 0.505235 0.505235 15 7.57852
26027.6 0.287255 0.287255 20 5.7451
18589.1 0.520288 0.520288 14 7.28403
14926 0.635043 0.635043 12 7.62052
8675.06 0.830871 0.830871 7 5.8161
30937.2 0.13345 0.13345 25 3.33625
10296 0.780089 0.780089 8 6.24071
23243.5 0.374477 0.374477 18 6.74059
6519.77 0.898391 0.898391 5 4.49195
20776.7 0.451754 0.451754 16 7.22807
9367.86 0.809167 0.809167 7 5.66417
9777.96 0.796319 0.796319 9 7.16687
30755.4 0.139145 0.139145 24 3.33948
21541.9 0.427784 0.427784 17 7.27233
6159.64 0.909673 0.909673 6 5.45804
32054.2 0.0984584 0.0984584 31 3.05221
10389.1 0.777175 0.777175 10 7.77175
34118 0.0338045 0.0338045 27 0.912721
26095.8 0.285119 0.285119 24 6.84285
16087.8 0.598646 0.598646 15 8.97969
15589.9 0.614245 0.614245 13 7.98519
4869.56 0.950088 0.950088 4 3.80035
4012.89 0.976926 0.976926 4 3.9077
27875.8 0.229355 0.229355 24 5.50452
16288.7 0.592352 0.592352 17 10.07
10556.9 0.771918 0.771918 9 6.94727
33912 0.0402575 0.0402575 35 1.40901
22630.3 0.393686 0.393686 25 9.84215
6966.46 0.884397 0.884397 6 5.30638
33212.6 0.0621681 0.0621681 29 1.80288
8003.82 0.851899 0.851899 8 6.81519
32882.9 0.072497 0.072497 35 2.53739
8292.6 0.842852 0.842852 9 7.58567
3541.21 0.991702 0.991702 4 3.96681
33674 0.0477137 0.0477137 30 1.43141
28864.7 0.198377 0.198377 35 6.94319
9217.46 0.813879 0.813879 11 8.95267
30387.6 0.150667 0.150667 38 5.72534
33352.9 0.0577717 0.0577717 31 1.79092
20446.3 0.462105 0.462105 26 12.0147
25995.4 0.288266 0.288266 32 9.22451
20865.8 0.448963 0.448963 19 8.5303
31397.6 0.119028 0.119028 39 4.6421
32744.9 0.0768186 0.0768186 24 1.84365
12131.1 0.7226 0.7226 9 6.5034
33627.5 0.0491697 0.0491697 25 1.22924
8050.37 0.850441 0.850441 6 5.10264
30121.7 0.158998 0.158998 22 3.49797
34341.2 0.0268108 0.0268108 25 0.670271
20306.9 0.466472 0.466472 15 6.99708
29485.6 0.178925 0.178925 22 3.93635
19104.8 0.504133 0.504133 14 7.05786
5318.16 0.936035 0.936035 4 3.74414
33253.4 0.0608896 0.0608896 25 1.52224
5371.23 0.934372 0.934372 4 3.73749
14654.9 0.643537 0.643537 11 7.07891
15147.1 0.628118 0.628118 11 6.9093
5807.56 0.920703 0.920703 5 4.60351
30299.8 0.153419 0.153419 27 4.14232
27726.2 0.234044 0.234044 21 4.91493
28724.3 0.202776 0.202776 22 4.46106
32047.3 0.0986741 0.0986741 24 2.36818
26494.7 0.272623 0.272623 24 6.54294
32352.7 0.089107 0.089107 30 2.67321
32301.8 0.0907006 0.0907006 30 2.72102
27191.3 0.2508 0.2508 25 6.26999
16617 0.582068 0.582068 16 9.31309
9274.06 0.812105 0.812105 9 7.30895
19451.6 0.493267 0.493267 19 9.37208
5136.72 0.941719 0.941719 5 4.70859
7361.25 0.872029 0.872029 6 5.23218
6511 0.898666 0.898666 6 5.39199
13597.1 0.676676 0.676676 13 8.79679
4154.17 0.9725 0.9725 4 3.89
6091.12 0.91182 0.91182 5 4.5591
9631.67 0.800902 0.800902 9 7.20812
8328.75 0.84172 0.84172 8 6.73376
4107.45 0.973963 0.973963 4 3.89585
7282.73 0.874489 0.874489 7 6.12143
15403.9 0.620072 0.620072 13 8.06094
32793 0.0753115 0.0753115 26 1.9581
20008.9 0.475809 0.475809 16 7.61294
4898.53 0.949181 0.949181 4 3.79672
4282.82 0.968469 0.968469 4 3.87388
31722.4 0.108853 0.108853 30 3.2656
28150.3 0.220757 0.220757 28 6.18119
20585 0.457761 0.457761 21 9.61299
23888.6 0.354268 0.354268 23 8.14816
27523.4 0.240397 0.240397 23 5.52912
22909 0.384955 0.384955 22 8.46902
33384.5 0.0567815 0.0567815 33 1.87379
20676.2 0.454904 0.454904 21 9.55297
3801.15 0.983559 0.983559 4 3.93424
32168.9 0.0948637 0.0948637 32 3.03564
13090.1 0.692559 0.692559 11 7.61815
16428.6 0.58797 0.58797 14 8.23158
26938.4 0.258722 0.258722 28 7.24421
9039.47 0.819455 0.819455 10 8.19455
30637.8 0.14283 0.14283 35 4.99906
29642 0.174027 0.174027 35 6.09094
5990.44 0.914974 0.914974 7 6.40482
9520.04 0.8044 0.8044 10 8.044
5740.48 0.922804 0.922804 6 5.53683
15317 0.622795 0.622795 14 8.71914
3276.34 1 1 4 4
20004.3 0.475952 0.475952 18 8.56714
15608.4 0.613666 0.613666 14 8.59132
25658.3 0.298827 0.298827 28 8.36714
31884 0.10379 0.10379 23 2.38716
8343.95 0.841244 0.841244 6 5.04746
19677.9 0.486178 0.486178 14 6.80649
19798.3 0.482407 0.482407 14 6.7537
20477.5 0.461129 0.461129 15 6.91694
8358.9 0.840775 0.840775 6 5.04465
15444.4 0.618802 0.618802 11 6.80682
33305.2 0.0592667 0.0592667 25 1.48167
32625.9 0.0805474 0.0805474 25 2.01369
31422.2 0.118256 0.118256 24 2.83815
9536.81 0.803874 0.803874 7 5.62712
21119.1 0.441028 0.441028 15 6.61542
18754.7 0.515101 0.515101 15 7.72651
4873.3 0.949971 0.949971 4 3.79988
15780.6 0.60827 0.60827 13 7.90752
15035.5 0.631614 0.631614 11 6.94775
23996.6 0.350882 0.350882 17 5.96499
25274.6 0.310847 0.310847 19 5.9061
33213.5 0.0621395 0.0621395 25 1.55349
8597.63 0.833297 0.833297 7 5.83308
34233.4 0.0301869 0.0301869 28 0.845233
34934.5 0.00822351 0.00822351 30 0.246705
8192.99 0.845973 0.845973 7 5.92181
22710 0.391188 0.391188 17 6.6502
21909 0.416282 0.416282 16 6.66051
12465.2 0.712136 0.712136 9 6.40922
7922.57 0.854445 0.854445 7 5.98111
19095 0.504439 0.504439 17 8.57547
6737.35 0.891575 0.891575 6 5.34945
16697.2 0.579556 0.579556 15 8.69334
25628.7 0.299755 0.299755 23 6.89436
4487.16 0.962068 0.962068 4 3.84827
19297.3 0.4981 0.4981 17 8.4677
31980.6 0.100764 0.100764 24 2.41835
27674.6 0.235661 0.235661 24 5.65586
6813.75 0.889181 0.889181 6 5.33509
6504.85 0.898858 0.898858 6 5.39315
11989.5 0.727039 0.727039 11 7.99743
20513.5 0.459999 0.459999 16 7.35998
25333.8 0.308991 0.308991 20 6.17981
7067.77 0.881223 0.881223 6 5.28734
12375.7 0.714938 0.714938 11 7.86432
5594.67 0.927372 0.927372 5 4.63686
22622.7 0.393923 0.393923 20 7.87847
9157.92 0.815744 0.815744 8 6.52595
24168 0.345513 0.345513 20 6.91025
29765.2 0.170167 0.170167 24 4.084
7306.3 0.873751 0.873751 6 5.24251
24343.9 0.340004 0.340004 21 7.14008
6570.82 0.896792 0.896792 6 5.38075
13850.8 0.668727 0.668727 13 8.69345
14718.2 0.641554 0.641554 13 8.34021
29887.3 0.166342 0.166342 25 4.15855
25688.1 0.297894 0.297894 20 5.95787
17183.7 0.564314 0.564314 14 7.9004
25235.8 0.312061 0.312061 23 7.1774
28864.4 0.198386 0.198386 27 5.35643
11244.8 0.750368 0.750368 10 7.50368
8464.45 0.837469 0.837469 7 5.86228
19415.3 0.494403 0.494403 16 7.91045
35171.9 0.000787597 0.000787597 33 0.0259907
35025.5 0.00537306 0.00537306 29 0.155819
29447.5 0.180118 0.180118 25 4.50295
15227.6 0.625596 0.625596 16 10.0095
31083.3 0.128874 0.128874 27 3.47959
12835.8 0.700525 0.700525 14 9.80735
30381 0.150875 0.150875 32 4.82799
5922.11 0.917114 0.917114 6 5.50269
35077.8 0.00373656 0.00373656 35 0.130779
13504.2 0.679586 0.679586 13 8.83461
11929.9 0.728903 0.728903 11 8.01793
8814.94 0.826489 0.826489 10 8.26489
11636.8 0.738087 0.738087 12 8.85705
27840.6 0.230461 0.230461 25 5.76151
4671.05 0.956307 0.956307 5 4.78154
23159.5 0.377109 0.377109 24 9.05061
21387.3 0.432627 0.432627 21 9.08518
5331.83 0.935606 0.935606 5 4.67803
9974.56 0.790161 0.790161 7 5.53112
21656.4 0.424196 0.424196 15 6.36294
11608.4 0.738976 0.738976 8 5.91181
12941.5 0.697215 0.697215 9 6.27493
12342.8 0.71597 0.71597 9 6.44373
10919.9 0.760545 0.760545 8 6.08436
10484.3 0.774193 0.774193 8 6.19354
14781.2 0.639579 0.639579 11 7.03537
9438.18 0.806964 0.806964 7 5.64875
17259.4 0.561944 0.561944 12 6.74333
5273.28 0.937441 0.937441 4 3.74976
27477.9 0.241823 0.241823 21 5.07829
35078.4 0.003716 0.003716 28 0.104048
5581.03 0.9278 0.9278 4 3.7112
5458.17 0.931648 0.931648 4 3.72659
26159.2 0.283133 0.283133 19 5.37953
24124.4 0.346881 0.346881 19 6.59073
14790.1 0.6393 0.6393 12 7.6716
8567.6 0.834237 0.834237 7 5.83966
10878.2 0.761853 0.761853 9 6.85668
23115.8 0.378475 0.378475 19 7.19103
34392.2 0.0252147 0.0252147 28 0.706012
19790.5 0.482651 0.482651 16 7.72242
13650.8 0.674992 0.674992 10 6.74992
11211.6 0.751407 0.751407 8 6.01126
29815.4 0.168593 0.168593 21 3.54045
8214.28 0.845306 0.845306 7 5.91714
20092.1 0.473201 0.473201 17 8.04442
9515.65 0.804537 0.804537 8 6.4363
6314.65 0.904817 0.904817 5 4.52408
10977.9 0.758729 0.758729 9 6.82856
12884.2 0.69901 0.69901 10 6.9901
24857.3 0.323918 0.323918 20 6.47836
23058.7 0.380265 0.380265 19 7.22504
32932.3 0.070948 0.070948 28 1.98654
16452.6 0.58722 0.58722 13 7.63385
28455 0.211213 0.211213 23 4.85789
8348.28 0.841108 0.841108 7 5.88776
27826.7 0.230895 0.230895 24 5.54148
11702.7 0.736022 0.736022 9 6.6242
28486.8 0.210215 0.210215 22 4.62474
21062.4 0.442803 0.442803 18 7.97046
24309.7 0.341076 0.341076 20 6.82151
9094.96 0.817716 0.817716 8 6.54173
22155.6 0.408556 0.408556 18 7.354
5414.37 0.933021 0.933021 5 4.6651
9891.21 0.792772 0.792772 9 7.13495
27727.3 0.234007 0.234007 27 6.3182
28412 0.21256 0.21256 27 5.73912
14239.8 0.65654 0.65654 12 7.87848
31704.5 0.109411 0.109411 27 2.95411
26506.8 0.272246 0.272246 27 7.35064
10604.7 0.770421 0.770421 11 8.47463
31353.1 0.120422 0.120422 29 3.49222
16487.6 0.586122 0.586122 15 8.79184
4382.7 0.96534 0.96534 4 3.86136
13300.4 0.685971 0.685971 9 6.17374
32797.3 0.0751778 0.0751778 22 1.65391
5726.67 0.923237 0.923237 4 3.69295
33504.4 0.0530273 0.0530273 23 1.21963
29519.7 0.177856 0.177856 20 3.55713
24882.9 0.323116 0.323116 18 5.81609
12328.7 0.716412 0.716412 9 6.44771
27271.2 0.248297 0.248297 20 4.96595
25786.7 0.294804 0.294804 19 5.60128
17751.8 0.546517 0.546517 13 7.10473
33027.9 0.0679546 0.0679546 25 1.69886
14517.4 0.647843 0.647843 11 7.12627
34089.4 0.0346988 0.0346988 26 0.902169
19765 0.483451 0.483451 15 7.25176
29173.6 0.188699 0.188699 20 3.77398
11818.4 0.732398 0.732398 8 5.85918
15995 0.601554 0.601554 12 7.21865
10186.9 0.783508 0.783508 8 6.26807
8530.9 0.835387 0.835387 6 5.01232
25507.7 0.303545 0.303545 19 5.76735
25958.8 0.289412 0.289412 19 5.49883
32698 0.0782872 0.0782872 25 1.95718
7515.3 0.867204 0.867204 6 5.20322
32983.6 0.0693398 0.0693398 25 1.7335
15901.8 0.604474 0.604474 12 7.25369
16679.1 0.580123 0.580123 13 7.5416
31544.8 0.114416 0.114416 25 2.8604
18314.6 0.528888 0.528888 14 7.40443
17673.8 0.548961 0.548961 14 7.68545
28039.7 0.224222 0.224222 23 5.1571
8625.57 0.832421 0.832421 7 5.82695
22388.8 0.401251 0.401251 17 6.82127
17074.7 0.567731 0.567731 14 7.94823
22072.7 0.411153 0.411153 18 7.40075
15530 0.61612 0.61612 13 8.00956
34015.3 0.0370206 0.0370206 28 1.03658
31797.8 0.10649 0.10649 29 3.0882
15275.6 0.624093 0.624093 14 8.7373
6710.7 0.89241 0.89241 6 5.35446
6912.56 0.886086 0.886086 6 5.31651
21146.2 0.440178 0.440178 14 6.1625
28875.5 0.198039 0.198039 19 3.76275
9895.98 0.792622 0.792622 7 5.54836
34129.8 0.0334325 0.0334325 24 0.802379
5965.3 0.915761 0.915761 4 3.66305
7458.02 0.868998 0.868998 5 4.34499
27879.3 0.229248 0.229248 19 4.3557
30055.5 0.161073 0.161073 22 3.54361
20497.3 0.460509 0.460509 14 6.44713
30834.8 0.136657 0.136657 22 3.00646
14200.3 0.657777 0.657777 10 6.57777
22192.9 0.40739 0.40739 16 6.51823
29740.9 0.170929 0.170929 22 3.76044
20638.7 0.456077 0.456077 16 7.29723
9192.59 0.814658 0.814658 7 5.70261
27980.2 0.226086 0.226086 22 4.9739
32590.8 0.0816469 0.0816469 22 1.79623
31547.9 0.114319 0.114319 21 2.40071
7514.45 0.86723 0.86723 5 4.33615
26735.8 0.265071 0.265071 18 4.77127
13441.4 0.681552 0.681552 9 6.13397
9033.98 0.819627 0.819627 6 4.91776
34749.9 0.0140073 0.0140073 24 0.336174
32575.8 0.0821167 0.0821167 22 1.80657
9886.34 0.792924 0.792924 7 5.55047
28419.3 0.212331 0.212331 20 4.24662
