36.3827
36.7319
37.6443
34.7249
33.9599
33.5739
35.5953
32.4229
32.6523
33.3978
35.7263
33.2063
35.9322
33.0547
33.5606
48.1004
43.8139
37.9064
44.1784
44.3279
35.7059
39.8316
37.119
41.8161
38.147
38.4635
46.679
47.3692
47.36
38.9038
42.9865
37.8184
37.5204
43.2271
41.4372
40.6006
38.0344
41.4607
41.6174
44.8358
42.3096
41.9748
39.8019
44.0044
43.2415
40.7112
43.3377
45.2434
47.8413
48.7537
46.4947
43.6183
44.7549
42.6373
43.5661
49.6189
48.9462
45.609
54.5536
45.6161
42.9343
46.6739
56.7532
51.0904
47.7747
49.1581
51.1846
56.2555
48.7455
46.5838
48.6461
47.189
52.1318
44.887
52.3346
48.1055
46.634
45.8373
45.8834
49.6742
44.1682
45.481
44.03
42.5892
57.4874
43.3111
46.9105
43.8385
43.2599
45.1482
42.6035
41.5539
45.0836
42.9435
45.4492
56.0579
46.0472
43.4094
50.8078
44.8563
43.5282
47.2719
42.8349
49.4408
46.9883
48.5929
47.1132
55.9688
47.3815
49.111
54.2188
49.0189
46.7476
44.161
47.5535
46.5469
46.4906
46.3196
44.9505
48.4239
45.7779
46.1629
48.9974
51.3321
57.5457
47.3498
51.5338
47.9263
50.0756
55.2796
48.214
48.9708
52.2598
53.4948
50.3798
55.1322
50.6143
52.0878
50.986
56.6835
57.1658
53.3248
52.6889
55.0963
61.8455
59.2394
64.9277
59.3961
62.7712
64.212
66.562
60.5993
60.9464
59.8917
66.7781
65.4336
65.6425
62.4568
60.8942
61.014
63.3692
62.8193
62.9985
64.6328
67.5082
70.1512
69.545
69.7518
66.8969
71.0195
67.8339
69.5951
68.3551
67.8666
75.4678
72.8279
69.6238
71.6995
83.0249
80.6799
81.1796
72.7869
84.8722
79.105
76.1702
78.1087
84.6438
79.103
74.8851
80.1628
75.4965
77.8854
79.4214
73.3645
73.5529
84.9398
73.7024
76.8502
78.7988
86.0252
88.235
76.9413
75.4022
82.2303
77.4011
76.5778
78.7241
80.7977
84.5251
85.4436
83.6639
86.4317
80.7045
79.9345
82.9061
80.1587
79.5617
82.9768
79.0313
82.389
79.7665
79.7819
83.7356
84.0806
80.4301
87.0216
82.6214
91.8886
86.4758
92.0371
88.9528
84.4134
85.0565
81.6937
84.1359
96.0102
87.1209
85.1139
92.0965
95.8863
94.6749
96.7854
97.0486
90.2021
86.6314
85.7713
87.6319
86.9315
92.7365
90.0966
95.2945
89.2119
86.6191
87.4742
92.3341
92.4221
89.1238
97.8934
91.138
85.7713
86.5505
86.5454
90.9046
85.1384
89.471
95.9048
97.0609
91.3009
90.3619
92.9557
86.0334
86.4533
95.2924
87.1127
84.6316
85.8696
89.2682
90.0209
84.6234
90.0024
91.861
88.3446
88.1797
86.7809
87.2643
86.6591
83.7048
92.5553
86.359
86.2546
86.0385
91.0387
88.9528
92.3136
89.7556
92.2389
87.6319
84.3141
81.9538
86.4461
82.558
87.7476
82.178
81.3783
81.0639
91.2097
84.3735
79.7194
79.0118
88.7153
78.8736
81.9528
81.3527
81.2821
82.6644
82.858
80.2847
83.2461
78.8623
85.6136
84.8015
80.4219
85.8778
87.722
84.2895
83.1478
82.9931
79.0405
81.4776
84.6039
78.7722
89.6256
76.3945
76.8328
80.5601
86.4973
79.5392
81.9415
77.7687
91.4401
80.3686
77.4246
82.9594
86.6959
82.6153
79.6856
79.8403
81.3578
83.4806
78.6442
83.6352
82.046
82.3531
85.5818
83.2266
83.8738
83.7284
82.0234
82.6931
83.0464
80.5571
84.8507
81.2298
83.6332
79.0487
77.5987
81.5094
79.7
85.3658
81.622
76.5174
88.5606
77.2915
77.8578
81.6148
83.1345
81.748
83.8769
80.8356
95.3252
86.0805
89.5334
91.5692
92.1395
85.5071
81.9231
82.2108
85.673
81.2821
85.676
89.1167
87.2561
85.2388
88.7613
88.6415
102.682
87.1363
89.6512
90.9138
90.0106
91.0316
91.434
101.75
95.9027
100.548
100.303
99.1468
107.369
108.306
107.691
108.71
105.096
113.28
111.367
112.592
112.321
109.412
110.491
108.819
111.322
116.089
114.577
125.739
122.061
122.608
130.787
131.709
133.7
137.538
132.064
141.766
145.083
139.499
132.062
123.047
126.824
124.918
126.317
127.957
118.257
119.977
116.593
116.402
108.627
112.212
113.477
110.342
97.5165
95.2361
93.9356
92.0084
96.3471
98.004
101.108
90.7663
89.7997
88.7777
84.9951
88.6989
85.9023
93.7667
87.0963
84.8804
84.2209
83.2707
82.3173
83.8205
84.2117
87.3513
84.0509
83.5123
78.8255
90.2738
77.6131
75.6582
79.274
90.282
76.1528
75.392
75.4309
74.1315
75.0684
73.6348
71.0707
73.4741
68.0069
68.3991
64.7424
65.8995
67.0085
60.1948
55.5479
57.3819
56.8617
56.4869
53.8778
50.9645
48.4536
46.7343
48.1649
48.3185
49.5411
44.7058
49.1694
50.2323
43.1575
44.6781
42.6363
44.1272
42.1499
41.94
42.7991
41.4116
42.6742
41.2815
46.7466
53.6914
45.6684
52.8619
42.9036
42.7674
50.2569
54.6284
49.0332
41.9707
41.8324
42.1786
42.3608
43.8487
42.8554
42.8739
43.5671
48.5243
47.7778
46.3688
45.2372
49.0824
48.1864
53.9945
45.9561
45.6253
43.3992
42.54
41.4597
48.4936
42.6711
38.0242
38.0908
36.82
34.8662
40.2463
35.2205
35.3823
33.7664
38.398
35.1652
34.1627
35.3853
37.8552
37.2982
38.8219
39.3923
39.4117
38.5034
46.1578
39.212
39.2653
42.4591
34.8887
33.9999
37.8296
34.4269
38.8424
35.5062
35.0925
45.2762
44.9321
39.6278
49.5063
37.7958
37.4835
37.7119
39.5889
38.6181
40.2156
37.8614
38.8833
39.3892
40.6395
39.1639
40.4777
42.0803
42.3086
45.8148
42.156
41.5683
42.1274
42.54
47.6129
42.9158
40.319
43.5999
44.8225
51.3372
47.0938
47.0108
50.3071
45.4123
45.5475
46.5756
46.2797
42.7162
44.2747
40.5361
42.111
46.3729
38.955
45.7083
40.3415
38.3703
37.8317
38.1604
43.0715
37.0053
39.7988
41.4956
42.4325
37.9331
41.557
40.0466
37.292
35.4724
34.8826
37.3709
37.9679
37.0074
35.8902
36.0315
40.5125
34.5825
36.8036
45.1164
44.116
36.3971
34.4207
36.7729
40.5361
38.5321
39.9882
38.9827
41.0532
38.1
36.2875
37.246
46.7497
39.4107
38.1123
35.6311
36.7841
36.3479
35.2819
38.1747
35.6772
36.0448
38.1829
38.0191
39.3595
41.857
38.3795
37.3105
35.9291
36.3971
41.4044
37.0801
38.4553
38.9304
37.8542
36.2844
44.1252
41.5785
43.7944
43.6419
37.6525
37.1671
39.4988
42.0936
39.5878
41.6942
42.7356
38.4532
40.7255
42.0127
45.3253
52.0161
44.1262
42.9056
48.8417
44.3546
47.8218
44.0412
41.9963
41.4996
44.6218
42.8636
45.3806
42.4991
42.1325
44.0453
41.3297
46.9166
46.1722
44.2184
43.3316
42.6772
45.4277
45.5649
46.0513
45.6724
44.929
46.9484
48.4987
48.4506
50.3296
50.2221
51.6219
51.113
51.0321
51.9793
52.0786
48.3881
47.2627
46.0442
57.2641
55.9565
53.7661
53.2419
47.5484
53.9085
53.6494
50.8959
45.9264
47.3907
51.7683
51.4662
46.4732
44.0515
43.0674
45.2352
44.674
44.162
43.0459
44.671
43.3582
42.8145
44.0709
43.6306
43.4872
42.7909
42.7336
45.865
50.7075
48.4403
46.0073
45.6223
44.203
43.1288
43.6101
44.1672
43.2138
44.4856
44.7621
49.3619
50.8856
46.0462
46.3503
48.3666
45.5086
46.0452
47.4122
46.5848
47.3088
45.5188
44.4109
44.0484
44.4006
43.5231
43.7842
45.5117
43.3347
46.6022
47.7522
43.8589
44.9034
43.863
45.1359
44.758
44.8686
44.5809
48.254
45.1973
45.5844
46.5981
48.1116
47.8372
47.6692
46.932
48.7178
49.0752
47.5044
47.1675
49.0189
49.8196
49.4541
48.3174
47.9242
46.8787
46.165
48.512
52.4605
50.4975
48.1065
45.6274
47.6232
46.8736
46.4476
46.3452
48.5786
46.9985
48.5427
50.6563
47.3835
49.4725
46.5879
50.8897
48.1126
49.7265
49.3814
50.6532
48.2171
49.8156
50.3573
50.7607
49.3425
50.7075
50.1965
58.3936
55.6124
54.1952
53.2644
52.9254
52.4001
52.693
59.5497
53.932
59.99
58.5503
62.7384
61.78
57.2908
62.3135
60.6372
61.3448
59.136
58.6803
59.7719
58.9302
63.8833
61.0284
61.1635
60.9976
63.3098
61.3243
63.0835
67.6035
63.8188
66.0767
66.0429
69.5839
65.065
67.7233
66.9522
71.4496
65.8063
70.9929
66.4811
72.5545
68.6234
70.4041
68.8056
70.6642
71.9124
71.1895
69.8829
75.9562
73.3952
71.8152
73.1187
72.705
72.9416
73.1126
74.4602
80.5663
72.9866
78.3616
74.3526
75.2394
74.6086
75.351
75.4473
74.7735
75.1534
77.2782
77.9141
77.0519
77.5875
78.0452
77.5424
78.5613
77.612
79.0231
82.0419
79.4286
81.6998
82.1473
82.732
81.9169
79.3231
81.7162
81.834
80.7455
80.9554
83.6649
82.3562
83.5553
80.9564
85.7078
83.6178
84.6346
84.99
82.1023
87.1537
84.1482
82.5088
84.4575
83.8697
88.9088
84.7892
85.4313
83.8851
88.1408
88.1459
87.4045
89.6031
93.3837
88.0435
86.1635
89.5007
88.2391
86.5516
87.9217
89.7515
87.7056
87.041
89.3235
92.2491
90.2236
91.0684
91.8272
90.4141
92.1631
90.5073
92.0422
96.9759
93.6735
97.8186
97.706
100.504
100.769
101.071
108.721
105.687
103.936
102.699
101.373
104.34
104.825
104.612
107.427
103.678
29.9203
