177
173
165
169
175
165
161
159
157
155
161
155
153
157
147
147
147
147
149
145
145
141
153
147
149
145
143
145
145
143
151
151
135
141
153
157
149
133
127
155
129
129
159
159
159
131
129
155
131
139
149
147
139
137
135
135
141
141
145
127
127
149
159
161
287
247
137
149
131
123
121
119
121
117
135
139
127
125
125
117
119
143
129
115
135
129
123
123
111
113
113
111
113
115
117
113
113
115
119
111
115
119
115
125
117
123
123
121
127
125
123
123
145
137
135
143
175
175
219
283
579
509
321
219
269
387
247
305
373
371
281
377
389
285
351
377
295
307
401
365
503
733
335
221
195
173
169
151
147
143
137
151
123
123
119
119
121
121
123
119
117
119
119
113
123
113
113
119
121
115
113
121
115
113
117
113
109
115
115
111
111
109
111
107
113
107
111
107
111
129
115
115
113
117
117
117
115
121
125
113
117
151
115
113
117
113
117
117
113
113
113
115
115
119
119
121
119
119
119
115
121
115
113
126
151
113
115
115
115
115
115
123
117
115
117
117
121
125
115
117
121
115
111
115
115
119
115
121
111
119
119
123
115
119
115
117
121
117
113
113
119
117
117
115
121
121
117
117
113
117
115
113
109
115
113
131
117
117
115
117
109
115
121
119
133
127
113
113
117
113
119
115
119
107
111
113
115
115
115
115
111
109
111
171
119
171
127
119
119
129
119
113
113
117
109
115
167
107
105
113
105
109
99
95
99
99
105
105
97
97
101
97
93
95
97
107
95
103
93
105
107
105
109
111
105
103
105
93
95
91
97
91
91
93
99
104
97
101
87
93
91
85
91
89
83
85
85
131
95
93
87
93
95
103
103
109
121
161
333
571
171
111
105
93
87
81
151
79
85
101
101
103
111
91
109
123
219
393
141
111
51
41
39
37
35
34
32
31
31
30
30
30
30
30
30
30
30
30
30
29
29
28
27
27
27
27
27
27
27
28
29
29
30
31
32
33
33
34
35
36
37
38
39
40
42
43
46
52
61
107
113
113
107
101
109
103
115
113
115
113
119
117
121
135
125
111
111
119
133
135
137
141
167
665
169
127
125
129
133
131
123
127
135
119
123
125
127
125
123
137
123
113
111
107
105
119
113
107
105
103
99
95
101
99
97
109
103
101
99
93
89
89
89
83
81
79
79
83
83
83
85
77
83
79
75
77
83
93
89
95
103
103
101
109
123
129
143
153
155
167
137
135
121
119
113
133
105
113
95
95
89
87
89
89
95
93
97
99
101
105
109
123
133
129
151
151
173
197
197
187
179
179
171
165
171
173
177
195
189
195
195
193
193
193
191
199
199
203
201
207
221
231
211
211
213
201
209
205
189
195
189
183
189
191
199
251
335
469
587
579
443
293
231
207
213
219
201
203
237
247
271
247
217
219
197
213
189
189
195
185
181
195
203
189
191
175
179
175
171
175
171
177
171
173
177
169
181
171
169
173
185
171
177
171
169
173
165
169
165
173
167
165
167
183
187
171
173
169
177
175
179
167
189
171
169
183
181
165
167
165
171
167
161
161
165
173
167
175
173
175
175
173
175
175
173
169
169
177
179
173
183
167
173
175
175
175
173
187
179
199
179
177
179
189
171
173
171
169
169
169
179
175
173
177
179
185
181
185
175
175
177
177
175
178
165
165
175
169
171
173
171
167
167
167
191
161
157
159
153
151
153
155
151
151
149
157
149
153
145
141
145
147
153
141
143
141
155
141
141
153
153
145
143
145
165
147
133
131
127
129
133
125
121
117
127
115
111
107
107
109
107
105
111
109
111
115
109
125
129
133
155
201
151
119
119
135
137
131
157
167
151
151
121
117
135
125
127
125
125
139
125
123
127
121
117
123
121
121
123
123
127
129
119
117
119
119
119
119
115
129
123
119
115
123
121
125
119
119
117
121
121
127
123
123
123
119
117
119
119
119
125
115
119
119
119
121
115
129
123
119
123
131
133
133
133
133
123
129
121
113
113
121
115
123
111
117
121
123
121
121
107
117
113
159
115
113
113
121
123
127
117
119
127
111
115
129
115
119
119
119
119
123
113
119
127
121
115
117
123
123
123
119
125
115
117
121
123
133
131
119
119
123
125
167
119
117
119
119
121
125
123
119
123
141
149
159
139
139
139
135
125
123
127
125
127
123
129
117
129
121
123
121
123
87
68
63
59
56
54
52
51
49
48
46
45
44
43
42
40
39
38
37
37
36
36
35
35
35
35
179
