4589979
4657237
4723225
4792373
4867973
4942710
5021969
5102316
5180771
5266071
5349343
5441058
5524354
5616975
5705221
5789234
5878630
5971424
6060155
6157404
6251182
6346679
6447258
6554568
6652352
6764394
6870350
6977610
7077144
7187801
7287219
7393284
7506969
7619180
7738899
7856816
7966504
8083308
8193144
8308568
8423324
8526435
8628203
8728072
8827140
8931751
9030208
9131276
9233336
9334009
9437855
9534525
9640202
9745923
9838754
9936837
10030266
10128725
10229805
10339923
10453880
10589189
10731587
10885792
11037949
11201441
11367102
11530085
11698067
11876589
12041050
12209423
12366570
12377194
12228143
11968960
11666414
11271149
10833704
10392291
9962116
9551977
9312717
9160569
9077195
9067673
9029111
8989084
8955429
8893620
8909195
8919870
8934639
8952852
8961523
8978556
8998255
9011193
9021559
9039660
9063410
9087891
9103169
9119626
9144374
9166733
9199641
9232113
9262058
9301562
9355555
9388809
9444948
9490866
9550592
9605756
9663504
9711293
9801643
9872793
9967308
10005507
10075129
10143597
10246032
10337664
10424990
10540182
10647166
10761259
10870444
10991750
11120999
11249262
11381374
11521832
11666669
11822180
11970928
12131229
12292473
12433639
12598520
12757354
12932944
13105277
13288700
13466293
13655342
13836053
14033851
14229951
14437170
14641322
14853264
15076571
15298753
15516175
15736943
15975547
16201495
16435295
16668800
16893572
17113992
17324846
17522284
17703243
17881345
18054571
18221104
18388003
18541553
18692790
18842202
19003778
19155937
19328780
19531497
19764879
19830562
19886850
19939642
19989546
20030994
20081684
20131932
20193848
20254292
20296360
20333249
20382887
20424575
20479714
20536007
20595911
20652291
20709238
20760212
20812364
20857420
20908530
20958777
21004161
21059882
21114615
21166544
21233482
21316946
21396874
21474384
21550515
21635871
21723854
21810278
21914421
22018823
22123025
22226361
22332180
22445039
22567209
22693543
22815061
22943344
23071867
23193090
23321360
23454779
23586282
23727427
23859051
24001247
24136982
24271426
24405032
24535670
24659683
24786160
24909281
25035081
25171315
25308042
25446306
25579035
25718569
25846944
25980305
26112020
26218693
26318126
26435736
26545020
26644955
26730160
26809438
26866991
26909381
26945919
26988780
27032385
27057476
27074265
27061542
27057727
27053936
27044223
27022677
26991352
26955074
27050465
27093173
27106369
27118490
27138337
27119019
27131597
27193936
27244774
27305739
27357282
27394131
27399819
27371519
27328123
27252894
27197425
27059822
26973048
26929481
26868025
26784902
26714437
26619765
26537174
26430803
26292294
26234759
26188500
26129145
26064324
26007332
25934161
25866572
25788621
25679283
25591362
25530361
25470343
25409312
25341128
25257721
25176042
25097484
24975579
24877208
24790658
24711265
24593376
24470223
24344374
24225722
24115381
24002924
23905956
23866855
23841157
23829081
23845973
23876597
23931534
23995064
24063144
24107688
24153960
24198677
24239968
24267525
24295496
24315342
24328972
24351871
24381715
24412662
24428641
24437432
24470654
24515374
24562759
24584493
24558553
24523483
24488750
24455382
24418848
24403601
24556544
24655328
24672900
24616472
24691123
24766759
24826723
24863900
24871361
24904013
24957673
25038914
25133500
25217402
25264601
25303433
25349227
25439220
25572522
25717079
25822941
25948357
26070305
26188168
26322949
26466347
26593772
26676452
26702326
26733171
26768711
26838510
26942549
27072256
27189274
27299094
27396847
27524861
27645935
27782160
27944874
28185294
28423109
28623538
28884246
29182472
29400243
29636748
29990880
30371444
30744998
31130554
31478361
31823587
32150452
32361778
32459238
32468773
32495452
32602251
32718674
32787874
33009377
33452512
34157414
34845060
35325326
35807856
36322740
36946099
37473553
37816761
37985028
38130594
38018835
37816989
37415510
36694329
35545617
34678106
34065674
33552163
33152190
32736619
32541466
32215906
31867682
31394337
31051492
30807799
30399422
29699543
28971086
28300726
28106980
27893847
27553876
27147764
26820145
26583724
26503252
26415841
26343798
26298923
26193634
26052301
25895881
25771025
25713586
25672805
25615625
25507062
25397195
25265931
25108627
24834522
24476895
24039869
23725324
23471143
23222758
22985271
22627573
22294362
22070274
21735817
21312517
20904713
20552280
20120915
19497100
18835025
18360413
17690661
16553479
15602202
14764214
14301450
13989844
13660707
13397872
13171226
12910557
12599459
12261776
11935240
11628779
11366685
11168780
11019875
10916597
10841013
10777622
10717976
10657920
10609505
10562514
10517028
10479477
10451700
10433478
10429989
10424564
10417565
10424708
10434053
10450277
10482854
10517528
10561636
10611992
10666666
10735695
10821286
10926339
11057519
11224951
11415840
11654643
11918274
12198570
12131395
12054457
11996551
11432515
10913936
10427159
10228297
14379432
10715864
8872016
8502997
8261459
8052248
7879778
7721109
7588745
7489539
7393055
7294868
7182693
7083651
6991441
6922645
6862231
6821670
6799474
7871142
7731273
7243636
7253269
7169178
7160325
7182745
7233310
7298388
7378452
7457966
7537583
7613945
7692834
7770782
7849996
7932489
8003658
8059618
8094825
8119185
8151931
8205816
8249825
8265079
8266299
8286316
8323175
8351335
8357217
8369234
8380131
8369457
8348098
8327213
8302641
8296686
8313650
8327138
8342954
8353992
8335708
8317794
8315092
8296538
8259461
8211621
8152442
8091987
8024686
7962231
7892547
7806441
7708338
7609874
7492252
7376205
7251494
7135235
7014966
6897107
6790389
6683419
6585558
6494527
6407010
6320746
6275774
6234457
6202632
6169811
6139776
6115448
6090437
6072608
6050568
6033435
6016147
6007429
5993530
5985820
5979127
5973958
5973209
5971532
5968979
5967931
5968587
5969338
5970120
5976795
5985548
5993221
6006240
6011885
6021474
6029798
6044574
6056854
6070961
6087877
6106937
6130613
6149420
6169908
6191119
6211896
6233444
6258773
6283668
6313657
6345027
6381857
6413134
6445081
6477642
6511968
6549022
6592783
6638317
6684153
6733636
6779300
6826141
6876021
6936522
6997845
7066226
7141166
7214995
7289782
7374383
7469874
7575058
7683348
7794175
7906390
8015770
8121335
8241799
8388321
8544852
8710157
8856770
8991568
9100314
9208791
9371688
9604730
9887139
10204181
10543239
10930222
11342202
11777899
12360213
12636063
12942715
13038583
13087574
12959242
13225131
13102827
12655743
12203061
11902107
11537785
11227220
11035750
10902421
10783147
10725656
10659882
10631127
10573719
10533164
10455671
10390837
10321293
10264773
10216326
10134486
10063805
9992077
9939285
9909736
9859483
9812376
9783692
9773054
9774325
9771095
9747256
9730420
9747157
9773027
9795613
9809815
9801863
9808955
9833391
9863494
9898979
9920091
9920254
9927838
9944597
9972443
10006517
10038188
10060406
10078461
10096361
10113432
10135575
10162354
10187543
10213937
10241062
10272022
10313217
10356576
10395011
10428451
10464762
10508983
10553866
10607639
10676847
10753287
10835370
10925780
11019205
11125254
11245569
11391407
11531183
11656080
11778940
11890084
11980482
12068549
12155169
12232515
12299270
12342987
12313976
12245380
12191356
12134132
12074615
12015862
11935382
11883752
11824089
11772281
11729764
11675506
11624928
11576915
11541118
11482154
11489457
11483636
11478932
11499287
11528400
11565971
11622965
11677665
11740032
11824683
11920125
12009749
12129120
12260743
12368396
12489849
12614812
12735552
12868634
12998089
13135387
13274567
13417365
13566692
13732638
13903265
14071043
14258284
14439033
14636355
14830901
15021467
15224515
15434423
15639874
15841066
16047914
16257765
16458947
16676742
16885794
17110590
17329864
17536379
17734612
17924814
18126792
18317488
18498774
18685121
18859740
19047762
19232522
19415362
19590677
19759282
19881732
19991465
20104303
20194727
20281919
20355832
20452164
20537292
20614368
20659935
20715703
20777397
20846139
20935692
21043781
21202331
21508088
21907245
22395072
22470396
22556536
22637770
22714926
22798688
22879208
22962760
23045279
23134923
23217825
23305677
23384037
23473299
23560164
23644693
23728306
23817874
23908130
23996811
24084021
24172297
24267952
24364849
24453633
24543450
24639406
24734398
24831095
24927069
25018052
25111959
25214943
25311000
25414646
25524970
25645285
25753616
25868195
25973038
26084429
26195199
26305041
26418326
26530265
26642240
26747804
26856486
26972845
27076182
27183355
27299288
27396335
27509509
27619373
27741884
27861948
27983537
28095610
28202619
28313350
28419701
28518775
28635963
28741916
28841624
28949376
29061488
29170968
29279656
29396898
29523868
29651846
29781989
29913165
30041409
30179200
30366317
30583923
30787995
31012718
31229858
31450665
31641405
31811823
31949075
32060737
32135352
32198735
32243980
4524033
