1
1
2
1
1
2
1
1
1
3
1
1
1
1
1
3
1
1
1
1
2
1
1
1
1
1
1
1
1
1
1
1
2
1
1
1
1
3
2
1
1
2
1
2
2
1
1
1
2
1
1
1
2
1
2
3
1
1
1
2
5
1
1
1
1
1
2
1
1
1
1
1
1
4
2
1
2
1
1
2
1
1
3
1
1
1
1
1
1
1
2
2
1
1
1
1
1
1
1
1
1
1
1
1
2
1
1
1
1
1
1
6
1
1
1
1
1
3
1
1
1
2
1
1
1
1
1
1
1
1
1
1
1
2
4
1
1
2
1
1
2
1
1
1
1
1
1
1
1
1
1
1
2
1
2
3
1
1
1
1
1
1
1
1
1
1
1
1
1
1
1
1
1
1
1
1
3
1
1
1
1
1
1
1
1
2
1
3
1
1
1
1
2
2
2
1
1
1
1
1
1
1
1
1
1
1
1
1
2
1
1
1
1
1
1
1
1
2
1
1
1
2
4
1
1
3
1
2
1
1
2
1
2
2
1
1
1
1
2
1
1
2
1
1
1
1
1
1
1
1
1
1
4
1
2
1
1
1
3
1
1
1
2
2
1
1
1
1
1
1
1
2
2
2
1
2
3
1
1
1
1
2
1
2
1
1
2
2
1
1
1
1
1
2
1
1
1
1
1
1
1
1
1
1
1
1
1
1
2
1
1
1
1
2
2
2
1
1
1
1
1
1
1
5
1
1
1
1
1
2
2
2
1
1
1
2
7
1
1
1
1
1
1
1
1
1
1
2
1
2
1
3
2
1
1
1
1
1
2
1
2
7
1
1
2
1
1
1
1
1
2
1
1
1
1
1
1
1
1
1
1
1
1
1
1
2
1
6
3
1
2
2
1
1
1
1
1
1
1
1
189124
599083
792093
1075667
1510238
1937943
2621201
3112547
3295831
3962168
4174700
4394011
4469238
4491640
4488483
4497472
4568659
4642967
4821662
5663847
6015964
6915752
7853763
8211046
8614257
9009899
9553956
10119255
10661729
10352161
9960522
10195009
9547250
8649303
7335709
6429737
6081535
5452618
5057383
4628373
4241810
3813441
3452729
3075301
2623404
2465628
1962513
1086055
300925
2
1
1
1
1
4
2
1
2
2
3
1
5
1
1
1
1
2
4
1
2
1
2
1
1
1
2
1
1
2
2
1
1
1
3
1
1
1
1
1
1
1
1
1
1
1
1
2
1
1
1
1
4
1
1
1
1
1
3
2
1
1
1
1
3
2
1
1
1
1
1
1
2
1
2
5
3
1
1
2
6
1
1
1
1
1
3
1
3
1
2
1
1
1
2
1
1
3
1
2
1
2
1
2
1
2
2
2
2
1
2
1
1
1
1
1
3
1
1
1
1
1
1
4
6
1
1
1
1
1
1
1
1
1
1
1
1
3
3
4
1
1
1
2
1
1
1
1
1
1
1
1
1
2
1
2
1
1
1
1
1
1
1
1
1
1
1
1
1
1
4
2
1
1
1
1
1
1
1
1
1
3
1
1
1
1
3
1
2
2
1
1
1
1
1
1
1
1
1
1
1
1
1
1
1
1
1
2
2
1
1
1
2
3
1
1
1
1
1
1
1
1
2
2
1
1
1
1
1
1
1
1
3
2
2
1
1
1
1
1
1
1
1
1
1
1
1
2
1
1
2
1
3
1
2
1
1
1
2
2
1
1
1
1
1
1
1
1
1
1
2
1
1
3
1
1
1
1
1
2
1
1
1
1
1
1
1
1
2
1
1
2
1
3
2
1
1
1
1
1
1
1
1
2
1
1
1
1
1
2
2
1
1
1
2
1
1
1
1
1
1
1
1
1
1
1
1
1
1
1
1
1
1
2
1
1
2
2
3
1
2
3
2
1
1
1
1
1
1
1
1
1
2
1
1
1
1
2
1
2
1
1
1
3
1
1
1
1
1
1
1
3
2
1
3
8
1
3
1
1
1
1
1
1
1
2
1
1
1
2
1
1
1
4
1
2
1
1
1
2
1
1
1
1
1
1
1
1
2
1
1
1
1
1
1
1
1
4
3
3
2
1
1
1
1
1
1
3
1
1
1
3
1
3
1
1
1
1
1
1
1
1
1
2
1
2
2
2
1
1
1
2
1
1
1
1
1
3
1
1
1
1
1
2
2
1
1
1
1
1
1
1
1
1
1
1
1
1
1
1
1
2
1
1
1
1
1
1
1
1
1
1
2
2
1
1
1
4
1
1
1
1
1
1
1
1
1
1
1
1
3
1
4
1
6848
128647
246007
391237
536624
655258
798274
874116
1054235
1150771
1385744
1527656
1666286
1840773
2034965
2433568
2663425
2911659
3209497
3232991
3532829
3543750
3896177
3908096
3923768
3917263
1
